Original vertices
-1 , 2 , 0.5
-1 , 2 , -0.5
0 , 2 , 0.5
0 , 2 , -0.5
1 , 2 , 0.5
1 , 2 , -0.5
2 , 2 , 0.5
2 , 2 , -0.5
-1 , 1 , 0.5
-1 , 1 , -0.5
2 , 1 , 0.5
2 , 1 , -0.5
0 , 1 , 0.5
0 , 1 , -0.5
1 , 1 , 0.5
1 , 1 , -0.5
0 , 0 , 0.5
0 , 0 , -0.5
1 , 0 , 0.5
1 , 0 , -0.5
0 , -1 , 0.5
0 , -1 , -0.5
1 , -1 , 0.5
1 , -1 , -0.5
-1 , -2 , 0.5
-1 , -2 , -0.5
0 , -2 , 0.5
0 , -2 , -0.5
1 , -2 , 0.5
1 , -2 , -0.5
-2 , 0 , 0.5
-2 , 0 , -0.5
-1 , 0 , 0.5
-1 , 0 , -0.5
-2 , -1 , 0.5
-2 , -1 , -0.5
-1 , -1 , 0.5
-1 , -1 , -0.5
Rotation Matrix
0.99348	0.08884	-0.07145	0.00000
-0.07145	0.97356	0.21699	0.00000
0.08884	-0.21047	0.97356	0.00000
0.00000	0.00000	0.00000	1.00000

image after rotation vertices
-0.8515236 , 2.127059 , -0.02299579
-0.7800701 , 1.910072 , -0.9965517
0.1419559 , 2.055605 , 0.06584555
0.2134094 , 1.838619 , -0.9077104
1.135435 , 1.984152 , 0.1546869
1.206889 , 1.767165 , -0.8188691
2.128915 , 1.912698 , 0.2435282
2.200368 , 1.695712 , -0.7300277
-0.940365 , 1.153503 , 0.1874704
-0.8689114 , 0.936516 , -0.7860855
2.040074 , 0.9391423 , 0.4539945
2.111527 , 0.7221556 , -0.5195615
0.0531146 , 1.082049 , 0.2763118
0.1245681 , 0.8650626 , -0.6972442
1.046594 , 1.010596 , 0.3651531
1.118048 , 0.7936091 , -0.6084028
-0.03572674 , 0.1084933 , 0.486778
0.03572674 , -0.1084933 , -0.486778
0.9577528 , 0.03703985 , 0.5756193
1.029206 , -0.1799468 , -0.3979366
-0.1245681 , -0.8650626 , 0.6972442
-0.0531146 , -1.082049 , -0.2763118
0.8689114 , -0.936516 , 0.7860855
0.940365 , -1.153503 , -0.1874704
-1.206889 , -1.767165 , 0.8188691
-1.135435 , -1.984152 , -0.1546869
-0.2134094 , -1.838619 , 0.9077104
-0.1419559 , -2.055605 , -0.06584555
0.7800701 , -1.910072 , 0.9965517
0.8515236 , -2.127059 , 0.02299579
-2.022686 , 0.2514003 , 0.3090953
-1.951232 , 0.03441362 , -0.6644607
-1.029206 , 0.1799468 , 0.3979366
-0.9577528 , -0.03703985 , -0.5756193
-2.111527 , -0.7221556 , 0.5195615
-2.040074 , -0.9391423 , -0.4539945
-1.118048 , -0.7936091 , 0.6084028
-1.046594 , -1.010596 , -0.3651531
scale Matrix
1.00000	0.00000	0.00000	0.00000
0.00000	1.00000	0.00000	0.00000
0.00000	0.00000	1.00000	0.00000
0.00000	0.00000	0.00000	1.00000

image after scale
-0.8515236 , 2.127059 , -0.02299579
-0.7800701 , 1.910072 , -0.9965517
0.1419559 , 2.055605 , 0.06584555
0.2134094 , 1.838619 , -0.9077104
1.135435 , 1.984152 , 0.1546869
1.206889 , 1.767165 , -0.8188691
2.128915 , 1.912698 , 0.2435282
2.200368 , 1.695712 , -0.7300277
-0.940365 , 1.153503 , 0.1874704
-0.8689114 , 0.936516 , -0.7860855
2.040074 , 0.9391423 , 0.4539945
2.111527 , 0.7221556 , -0.5195615
0.0531146 , 1.082049 , 0.2763118
0.1245681 , 0.8650626 , -0.6972442
1.046594 , 1.010596 , 0.3651531
1.118048 , 0.7936091 , -0.6084028
-0.03572674 , 0.1084933 , 0.486778
0.03572674 , -0.1084933 , -0.486778
0.9577528 , 0.03703985 , 0.5756193
1.029206 , -0.1799468 , -0.3979366
-0.1245681 , -0.8650626 , 0.6972442
-0.0531146 , -1.082049 , -0.2763118
0.8689114 , -0.936516 , 0.7860855
0.940365 , -1.153503 , -0.1874704
-1.206889 , -1.767165 , 0.8188691
-1.135435 , -1.984152 , -0.1546869
-0.2134094 , -1.838619 , 0.9077104
-0.1419559 , -2.055605 , -0.06584555
0.7800701 , -1.910072 , 0.9965517
0.8515236 , -2.127059 , 0.02299579
-2.022686 , 0.2514003 , 0.3090953
-1.951232 , 0.03441362 , -0.6644607
-1.029206 , 0.1799468 , 0.3979366
-0.9577528 , -0.03703985 , -0.5756193
-2.111527 , -0.7221556 , 0.5195615
-2.040074 , -0.9391423 , -0.4539945
-1.118048 , -0.7936091 , 0.6084028
-1.046594 , -1.010596 , -0.3651531
translation Matrix
1.00000	0.00000	0.00000	1.00000
0.00000	1.00000	0.00000	-2.00000
0.00000	0.00000	1.00000	4.00000
0.00000	0.00000	0.00000	1.00000

image after translation vertices
0.1484764 , 0.1270587 , 3.977004
0.2199299 , -0.08992803 , 3.003448
1.141956 , 0.05560517 , 4.065845
1.213409 , -0.1613815 , 3.09229
2.135436 , -0.01584828 , 4.154687
2.206889 , -0.2328349 , 3.181131
3.128915 , -0.08730173 , 4.243528
3.200368 , -0.3042884 , 3.269972
0.05963504 , -0.8464973 , 4.18747
0.1310886 , -1.063484 , 3.213914
3.040074 , -1.060858 , 4.453994
3.111527 , -1.277844 , 3.480438
1.053115 , -0.9179507 , 4.276312
1.124568 , -1.134937 , 3.302756
2.046594 , -0.9894042 , 4.365153
2.118048 , -1.206391 , 3.391597
0.9642733 , -1.891507 , 4.486778
1.035727 , -2.108493 , 3.513222
1.957753 , -1.96296 , 4.575619
2.029206 , -2.179947 , 3.602063
0.8754319 , -2.865063 , 4.697244
0.9468854 , -3.082049 , 3.723688
1.868912 , -2.936516 , 4.786086
1.940365 , -3.153503 , 3.81253
-0.2068889 , -3.767165 , 4.818869
-0.1354355 , -3.984152 , 3.845313
0.7865906 , -3.838619 , 4.907711
0.858044 , -4.055605 , 3.934155
1.78007 , -3.910072 , 4.996552
1.851524 , -4.127059 , 4.022996
-1.022686 , -1.7486 , 4.309095
-0.9512323 , -1.965586 , 3.335539
-0.02920628 , -1.820053 , 4.397937
0.04224718 , -2.03704 , 3.424381
-1.111527 , -2.722156 , 4.519561
-1.040074 , -2.939142 , 3.546005
-0.1180476 , -2.793609 , 4.608403
-0.04659414 , -3.010596 , 3.634847
transformation Matrix
0.99348	0.08884	-0.07145	1.00000
-0.07145	0.97356	0.21699	-2.00000
0.08884	-0.21047	0.97356	4.00000
0.00000	0.00000	0.00000	1.00000

image after transformation
0.1484764 , 0.1270587 , 3.977004
0.2199299 , -0.08992801 , 3.003448
1.141956 , 0.05560517 , 4.065845
1.213409 , -0.1613815 , 3.09229
2.135436 , -0.0158483 , 4.154687
2.206889 , -0.232835 , 3.181131
3.128915 , -0.08730178 , 4.243528
3.200368 , -0.3042884 , 3.269972
0.05963505 , -0.8464973 , 4.18747
0.1310885 , -1.063484 , 3.213914
3.040074 , -1.060858 , 4.453994
3.111527 , -1.277844 , 3.480438
1.053115 , -0.9179507 , 4.276312
1.124568 , -1.134937 , 3.302756
2.046594 , -0.9894042 , 4.365153
2.118048 , -1.206391 , 3.391597
0.9642733 , -1.891507 , 4.486778
1.035727 , -2.108493 , 3.513222
1.957753 , -1.96296 , 4.575619
2.029206 , -2.179947 , 3.602063
0.8754319 , -2.865063 , 4.697244
0.9468854 , -3.082049 , 3.723688
1.868912 , -2.936516 , 4.786086
1.940365 , -3.153503 , 3.81253
-0.206889 , -3.767165 , 4.818869
-0.1354355 , -3.984152 , 3.845313
0.7865906 , -3.838619 , 4.907711
0.858044 , -4.055605 , 3.934155
1.78007 , -3.910072 , 4.996552
1.851524 , -4.127059 , 4.022996
-1.022686 , -1.7486 , 4.309095
-0.9512324 , -1.965586 , 3.335539
-0.02920629 , -1.820053 , 4.397937
0.04224719 , -2.03704 , 3.424381
-1.111527 , -2.722156 , 4.519561
-1.040074 , -2.939142 , 3.546005
-0.1180476 , -2.793609 , 4.608403
-0.04659415 , -3.010596 , 3.634847
camera Matrix
-0.74890	0.64804	-0.13854	10.00000
0.64964	0.75921	0.03958	6.00000
0.13083	-0.06036	-0.98957	53.00000
0.00000	0.00000	0.00000	1.00000

image after camera vertices
9.420176 , 6.350341 , 49.07625
9.360923 , 6.193487 , 50.06209
8.61755 , 6.945018 , 49.12263
8.558297 , 6.788164 , 50.10847
7.814924 , 7.539696 , 49.169
7.755672 , 7.382841 , 50.15485
7.012298 , 8.134373 , 49.21538
6.953045 , 7.977519 , 50.20122
8.826643 , 5.561826 , 48.91512
8.76739 , 5.404972 , 49.90096
6.418766 , 7.345858 , 49.05425
6.359513 , 7.189003 , 50.04009
8.024017 , 6.156503 , 48.96149
7.964765 , 5.999649 , 49.94734
7.221391 , 6.751181 , 49.00787
7.162138 , 6.594326 , 49.99371
7.430485 , 5.367989 , 48.80036
7.371232 , 5.211134 , 49.78621
6.627859 , 5.962666 , 48.84674
6.568606 , 5.805811 , 49.83258
6.836952 , 4.579473 , 48.63923
6.777699 , 4.422619 , 49.62508
6.034326 , 5.174151 , 48.68561
5.975074 , 5.017297 , 49.67145
7.046045 , 3.196282 , 48.43172
6.986793 , 3.039427 , 49.41757
6.24342 , 3.790959 , 48.4781
6.184167 , 3.634105 , 49.46394
5.440794 , 4.385636 , 48.52448
5.381541 , 4.228782 , 49.51032
9.035736 , 4.178634 , 48.70761
8.976483 , 4.02178 , 49.69345
8.23311 , 4.773311 , 48.75399
8.173858 , 4.616457 , 49.73983
8.442204 , 3.390119 , 48.54648
8.382951 , 3.233265 , 49.53232
7.639578 , 3.984797 , 48.59285
7.580325 , 3.827942 , 49.5787
projection Matrix
1.00000	0.00000	0.00000	0.00000
0.00000	1.00000	0.00000	0.00000
0.00000	0.00000	-1.00200	-2.00200
0.00000	0.00000	-1.00000	0.00000

final image
9.420176 , 6.350341 , -51.1765
9.360923 , 6.193487 , -52.16432
8.61755 , 6.945018 , -51.22297
8.558297 , 6.788164 , -52.21078
7.814924 , 7.539696 , -51.26944
7.755672 , 7.382841 , -52.25726
7.012298 , 8.134373 , -51.31591
6.953045 , 7.977519 , -52.30373
8.826643 , 5.561826 , -51.01505
8.76739 , 5.404972 , -52.00286
6.418766 , 7.345858 , -51.15446
6.359513 , 7.189003 , -52.14227
8.024017 , 6.156503 , -51.06152
7.964765 , 5.999649 , -52.04934
7.221391 , 6.751181 , -51.10799
7.162138 , 6.594326 , -52.0958
7.430485 , 5.367989 , -50.90006
7.371232 , 5.211134 , -51.88788
6.627859 , 5.962666 , -50.94653
6.568606 , 5.805811 , -51.93435
6.836952 , 4.579473 , -50.73861
6.777699 , 4.422619 , -51.72643
6.034326 , 5.174151 , -50.78508
5.975074 , 5.017297 , -51.7729
7.046045 , 3.196282 , -50.53069
6.986793 , 3.039427 , -51.51851
6.24342 , 3.790959 , -50.57716
6.184167 , 3.634105 , -51.56497
5.440794 , 4.385636 , -50.62363
5.381541 , 4.228782 , -51.61144
9.035736 , 4.178634 , -50.80713
8.976483 , 4.02178 , -51.79494
8.23311 , 4.773311 , -50.8536
8.173858 , 4.616457 , -51.84141
8.442204 , 3.390119 , -50.64567
8.382951 , 3.233265 , -51.63349
7.639578 , 3.984797 , -50.69214
7.580325 , 3.827942 , -51.67995
the everything Matrix
1.00000	0.00000	0.00000	0.00000
0.00000	1.00000	0.00000	0.00000
0.00000	0.00000	-1.00200	-7.01201
0.00000	0.00000	-1.00000	-5.00000

final image using single matrix
-1 , 2 , -7.513013
-1 , 2 , -6.511011
0 , 2 , -7.513013
0 , 2 , -6.511011
1 , 2 , -7.513013
1 , 2 , -6.511011
2 , 2 , -7.513013
2 , 2 , -6.511011
-1 , 1 , -7.513013
-1 , 1 , -6.511011
2 , 1 , -7.513013
2 , 1 , -6.511011
0 , 1 , -7.513013
0 , 1 , -6.511011
1 , 1 , -7.513013
1 , 1 , -6.511011
0 , 0 , -7.513013
0 , 0 , -6.511011
1 , 0 , -7.513013
1 , 0 , -6.511011
0 , -1 , -7.513013
0 , -1 , -6.511011
1 , -1 , -7.513013
1 , -1 , -6.511011
-1 , -2 , -7.513013
-1 , -2 , -6.511011
0 , -2 , -7.513013
0 , -2 , -6.511011
1 , -2 , -7.513013
1 , -2 , -6.511011
-2 , 0 , -7.513013
-2 , 0 , -6.511011
-1 , 0 , -7.513013
-1 , 0 , -6.511011
-2 , -1 , -7.513013
-2 , -1 , -6.511011
-1 , -1 , -7.513013
-1 , -1 , -6.511011
